# Number of parameters = 34  Objective function value = 144.135  Maximum gradient component = 0.00930899
# logFpar:
 -4.88058 -3.33048 -2.70102 -2.64959 -2.34790 -3.61094 -2.95810 -2.70076 -2.66767
# logSdLogFsta:
 -1.89400 -2.38709
# logSdLogN:
 -0.281615 -2.18658
# logSdLogObs:
 -0.491037 -1.42421 -2.73962 -0.773069 -1.49275 -1.00907 -1.35725
# rec_loga:
1.00000000000
# rec_logb:
-12.0000000000
# rho:
0.894658371728
# logScale:
 -0.0671769016329 0.0357085202455 0.158696012092 0.0123577592482 -0.155627917618 -0.342244135141 -0.153598152509 -0.0553126438708 0.256649426817 -0.137966249297 0.396053130909 0.125479610008 -0.0298928506956
# logScaleSSB:
0.000000000000
# logPowSSB:
0.000000000000
# logSdSSB:
0.000000000000
# U:
 13.0965792395 12.1235517794 9.92032036029 9.24278187313 9.01807963416 8.56203874469 -2.53668520987 -0.814267201116 -0.672001560333 -0.766250482153 -0.773521356617 -0.748675808000 13.5951468832 11.8025242336 10.8542184088 9.35308394595 8.56795884532 8.86204100924 -2.42431717820 -0.738331740630 -0.576517336650 -0.679784667095 -0.693109015753 -0.675503475629 13.8565276141 12.3416772866 10.6045047053 10.0406480715 8.73426441275 8.63079083928 -2.26246538529 -0.638405854351 -0.472783743542 -0.599527276114 -0.632327070562 -0.629990562490 14.0559556632 12.5247932550 11.1229986529 9.71033217693 9.16042510473 8.72974651959 -2.22102029373 -0.615175596715 -0.459785205217 -0.608060068204 -0.638424819134 -0.628849241349 13.8873096144 12.7310418086 11.1942254539 10.2657904443 8.99201073692 9.01214639813 -2.12803593039 -0.552588882387 -0.396755291241 -0.544080704164 -0.560480831178 -0.555660145185 13.2068355728 12.5769019757 11.4057499943 10.2658626031 9.56989470346 8.87115781590 -2.03447579507 -0.491265572940 -0.341003571060 -0.486787251908 -0.507068880564 -0.517158740788 13.0818720533 11.8580831298 11.1930187885 10.4390157696 9.34480718739 9.21515283465 -2.09324159333 -0.534069696696 -0.398782792431 -0.542774478274 -0.551516618504 -0.558581968183 14.2608724753 11.7824278556 10.5653961195 10.3849003448 9.64419603515 9.05210344748 -1.94382449302 -0.449783140798 -0.341320301198 -0.509917435318 -0.534636243443 -0.561677084663 14.5262298477 12.9347454676 10.4219157046 9.61280560674 9.68262928143 9.28003012524 -1.70229246142 -0.304525750804 -0.222974970285 -0.402855122974 -0.440754846856 -0.482466137330 13.1408668032 13.1588232682 11.4133428690 9.40573407274 8.69628491092 9.45925258843 -1.53528835960 -0.207974976272 -0.150688339875 -0.334402356774 -0.371812094706 -0.416031221794 13.5148982071 11.6898887316 11.5699027776 10.3063992001 8.50997432220 8.88415849432 -1.50347786651 -0.204739323188 -0.178993102233 -0.368778492167 -0.413909406782 -0.469531984969 13.4956828881 12.0853123105 10.0800074825 10.5096884559 9.31233343913 8.63662314501 -1.51925905649 -0.232182537640 -0.236448117430 -0.429306745658 -0.461830886468 -0.512101635595 14.0281006011 12.0400155865 10.5164561966 9.17636950113 9.70840272831 8.88629098167 -1.38228670134 -0.150020145911 -0.164456244539 -0.362986189854 -0.395465027087 -0.460312340124 13.6489773968 12.5624040858 10.4340302952 9.52074696599 8.24605000900 9.20476869926 -1.24465616221 -0.0681828333173 -0.0967486567947 -0.320198218289 -0.354697677931 -0.430136259628 14.5540176275 12.0516197751 10.8439459631 9.29987718409 8.54416496177 8.73005536998 -1.29896935134 -0.109266854632 -0.144095569237 -0.382445854674 -0.392916975176 -0.461154766128 14.1029098509 13.0034356514 10.3345142277 9.84343404974 8.63024005561 8.44500971769 -1.18061046337 -0.0283237658519 -0.0314950134099 -0.267452996763 -0.280158109013 -0.367377968524 14.3077942570 12.5120030174 11.2930242153 9.10552290077 8.90566764949 8.18106237618 -1.26382836352 -0.0961129606784 -0.0863341511814 -0.338816975029 -0.373179174938 -0.465201621859 14.7802664564 12.6538368005 10.9818651876 10.1147531861 8.28950063433 8.45981251861 -1.16082434637 -0.0267893132251 0.00503362741301 -0.244640031974 -0.304701296582 -0.404431688901 13.8701276905 13.1106741386 10.9808132489 9.78009128632 9.09182183259 8.20506642650 -1.16403719134 -0.0211093048021 0.0288269651395 -0.219136020218 -0.303172347375 -0.402826546835 14.3618651264 12.1641326269 11.4298049257 9.74236816098 8.79473062108 8.63618640550 -1.04888668956 0.0686638014701 0.147901137433 -0.0862297780968 -0.183278234882 -0.291799724448 13.7608838338 12.6785284838 10.4074305518 9.96394301401 8.60035656560 8.41917257093 -1.07956624030 0.0552602453636 0.139016650845 -0.0830596120622 -0.190651391730 -0.305362846381 14.3517159023 12.0860640911 10.8574859867 8.99308973394 8.82323701261 8.26546222355 -1.18429887957 -0.0149577669012 0.0641351920958 -0.138060745166 -0.244253706999 -0.356330863636 12.9378577315 12.7145467308 10.4029008208 9.60374500617 7.93943668985 8.35812950321 -1.25471516608 -0.0564658949619 0.0215753134987 -0.160751163732 -0.271350877193 -0.385153518810 14.4370548067 11.3489902201 10.9648691648 9.23129777723 8.64142669284 8.01866226621 -1.21545034737 -0.0222644192625 0.0750133358635 -0.0804346127632 -0.198734979362 -0.320281408358 13.4724531922 12.8674138811 9.70290490584 9.64644449435 8.01776875627 8.13407780828 -1.27219136482 -0.0491469142614 0.0562220408935 -0.0853950660389 -0.208102430110 -0.331505782044 13.1031506905 11.9299013262 11.1604729419 8.56299644939 8.51427195398 7.78741924353 -1.26215437903 -0.0365148171463 0.0817213279666 -0.0610953159483 -0.195295526837 -0.329776826541 13.6262956559 11.5866499801 10.3215208968 9.76988999169 7.51307898841 8.00389520535 -1.23954352846 -0.0210152249216 0.0962217718691 -0.0390327351344 -0.169788310856 -0.309154026921 12.6992821839 12.1043344164 9.91818935328 8.98366786824 8.56176730234 7.45554783097 -1.33997403916 -0.0854180624368 0.0178182438576 -0.123357452096 -0.263402678452 -0.409078727582 12.8331977917 11.2273604011 10.3306349844 8.71783021473 7.91592800844 8.02178161230 -1.38276772590 -0.109417093011 0.00746849510743 -0.116075572718 -0.242500902217 -0.395893197854 13.6607552576 11.4122298618 9.61441013892 9.09908675453 7.63679115459 7.66865999194 -1.42449423347 -0.131291868499 -0.00123243414386 -0.119309201661 -0.250814190468 -0.427073337088 12.9821297360 12.2159712106 9.79305214643 8.53767397036 7.97850254516 7.41541625344 -1.42754653948 -0.124900784294 0.0268200923563 -0.0970861238924 -0.236075884747 -0.432669114793 13.8340848536 11.5826640772 10.5062265467 8.62951063174 7.48326932147 7.49392142324 -1.42380428007 -0.116265960912 0.0627357694101 -0.0716949866997 -0.213567245489 -0.429483976731 13.2979244286 12.4233551393 10.0567133090 9.25341541417 7.50829061704 7.22879931271 -1.39172020335 -0.0803800303816 0.122147326248 -0.0273118541605 -0.172055026926 -0.412086429873 12.8290336868 11.8618815983 10.5863148847 8.64998559649 8.11496887494 7.27835226902 -1.45951758440 -0.111389036099 0.127757373338 -0.00610719311298 -0.118228713412 -0.366414137818 13.9644500869 11.4776397449 10.1600293690 9.16405374523 7.53235215461 7.45198384777 -1.55144360652 -0.166099833706 0.107158608954 -0.00442336225731 -0.102790206807 -0.370695006432 11.8581194744 12.6136952431 9.93373492662 8.85405792471 8.01011489994 7.15458009666 -1.56364126895 -0.170534367961 0.129799160904 0.0300078841246 -0.0692645329412 -0.362666815183 12.4350468142 10.5262604867 10.9024461577 8.61601352057 7.63618254743 7.39216607527 -1.53519886283 -0.147000372035 0.190555605379 0.106928869633 0.0154806389894 -0.299866886522 13.0334920326 11.1256782353 9.06145769936 9.25975705840 7.36379967435 7.04717311373 -1.55486984981 -0.156296417999 0.196275819699 0.127534167042 0.0315093565485 -0.314206461541 12.0256208548 11.7546635520 9.56512375963 7.73896258300 7.79157276774 6.69694339761 -1.65840363852 -0.226177543890 0.124958420600 0.0662089719671 -0.0372422711772 -0.408185424546 12.4165166072 10.7870756013 10.1480879029 8.31064417848 6.43986894822 6.94010475154 -1.73993059554 -0.286144379616 0.0707920524912 0.0125787025681 -0.0949818483114 -0.484256158391 11.7216245206 11.1299191426 9.28257145700 8.92334992246 7.05046571894 6.37849039720 -1.76758135063 -0.308299416484 0.0549703878310 -0.0228361391089 -0.148743363390 -0.565580292794 12.2153064465 10.5304952832 9.57293033414 8.08866811528 7.68338042644 6.47726245043 -1.79442867822 -0.333609481735 0.0291100547770 -0.0842554098849 -0.208828135875 -0.643026289766 11.9479518225 10.8958574937 9.00570991848 8.19638459610 6.97122728146 7.06589234617 -1.87762180915 -0.393993776475 -0.0373723766100 -0.176157132441 -0.276634933421 -0.721073582447 12.7886922315 10.7225969128 9.42675966177 7.75210975703 7.06483372697 6.93420279654 -2.01322182526 -0.491974244179 -0.153735376357 -0.317755281895 -0.396662914726 -0.849182449969 12.0345742440 11.5191723929 9.21674852225 8.38168687421 6.94990090846 6.82173768023 -2.13185554266 -0.578274298889 -0.226024615224 -0.398149217696 -0.479251067505 -0.957513041530 12.1861428896 10.7474049521 10.0745585495 8.14103967606 7.48445917611 7.02372578191 -2.22590799931 -0.643667262969 -0.272783902578 -0.451353272342 -0.515156372572 -0.998209815989 12.1724544992 10.8992806083 9.34664035423 9.00440040861 7.33908030323 7.18973429655 -2.28055279585 -0.682295223251 -0.293074681192 -0.464736523822 -0.532406944124 -1.04411768632 12.5989578687 10.9181644666 9.49958213427 8.36834572347 8.18618930827 7.16685815101 -2.49160924398 -0.828806772610 -0.435473970709 -0.609718134198 -0.682735013990 -1.21010054708 11.9061495984 11.3014612304 9.53304092378 8.47709890894 7.60457188697 7.87056490332 -2.78278099064 -1.03200505435 -0.641211554306 -0.808497221802 -0.877529672986 -1.40072409558 12.2221715605 10.6383402143 9.95445204684 8.81039319133 7.73953569137 7.77360426881 -2.91446142920 -1.12662938159 -0.732821426128 -0.900690860457 -0.990700023260 -1.53469926332 12.4800432462 10.8760308511 9.36605681321 9.20421976425 8.16320048723 7.76736918266 -2.96326160322 -1.15908757041 -0.750929627960 -0.930480390985 -1.04399363786 -1.61290735212 12.8776124565 11.1099109429 9.67419927725 8.66082709661 8.54400204666 8.01024558902 -2.96240772955 -1.15831747273 -0.736932789433 -0.932557318794 -1.06609019348 -1.65144757203 12.0383111807 11.5607479482 9.91476142440 8.92031970174 8.01693317529 8.57050512858 -3.00408210690 -1.18789213284 -0.764181093887 -0.959584983776 -1.08236006283 -1.65988557918 11.8874121164 10.6302841429 10.3142056582 9.21775778096 8.33524785932 8.58279892895 -3.00386629373 -1.18774987721 -0.764213992677 -0.959613493811 -1.08237413644 -1.65989817025
